1783181706
1783181706
1783181706
1783181706
1783181706
1783181706
1783181706
1783181706
1783181707
1783181707
1783181707
1783181707
1783181707
1783181707
1783181707
1783181707
1783181707
1783181707
1783181707
1783181707
1783181707
1783181708
1783181708
1783181708
1783181708
1783181708
1783181708
1783181708
1783181708
1783181708
1783181708
1783181708
1783181708
1783181708
1783181709
1783181709
1783181709
1783181709
1783181709
1783181709
1783181709
1783181709
1783181709
1783181709
1783181709
1783181709
1783181709
1783181710
1783181710
1783181710
1783181710
1783181710
1783181710
1783181710
1783181710
1783181710
1783181710
1783181710
1783181710
1783181710
1783181711
1783181711
1783181711
1783181711
1783181711
1783181711
1783181711
1783181711
1783181711
1783181711
1783181711
1783181711
1783181711
1783181712
1783181712
1783181712
1783181712
1783181712
1783181712
1783181712
1783181712
1783181712
1783181712
1783181712
1783181712
1783181712
1783181713
1783181713
1783181713
1783181713
1783181713
1783181713
1783181713
1783181713
1783181713
1783181713
1783181713
1783181713
1783181714
1783181714
1783181714
1783181714
1783181714
1783181714
1783181714
1783181714
1783181714
1783181714
1783181714
1783181714
1783181714
1783181715
1783181715
1783181715
1783181715
1783181715
1783181715
1783181715
1783181715
1783181715
1783181715
1783181715
1783181715
1783181715
1783181716
1783181716
1783181716
1783181716
1783181738
1783181738
1783181739
1783181739
1783181739
1783181739
1783181739
1783181739
1783181739
1783181739
1783181739
1783181739
1783181739
1783181739
1783181739
1783181740
1783181740
1783181740
1783181740
1783181740
1783181740
1783181740
1783181740
1783181740
1783181740
1783181740
1783181740
1783181740
1783181741
1783181741
1783181741
1783181741
1783181741
1783181741
1783181741
1783181741
1783181741
1783181742
1783181742
1783181742
1783181742
1783181742
1783181742
1783181742
1783181743
1783181743
1783181743
1783181743
1783181743
1783181743
1783181743
1783181743
1783181744
1783181744
1783181744
1783181744
1783181744
1783181744
1783181744
1783181744
1783181744
1783181744
1783181745
1783181745
1783181745
1783181745
1783181745
1783181745
1783181745
1783181745
1783181745
1783181745
1783181745
1783181745
1783181746
1783181746
1783181746
1783181746
1783181746
1783181746
1783181746
1783181746
1783181746
1783181746
1783181746
1783181746
1783181746
1783181747
1783181747
1783181747
1783181747
1783181747
1783181747
1783181747
1783181747
1783181747
1783181747
1783181747
1783181747
1783181747
1783181748
1783181748
1783181748
1783181748
1783181748
1783181748
1783181748
1783181748
1783181748
1783181748
1783181748
1783181748
1783181748
1783181749
1783181749
1783181749
1783181749
1783181749
1783181749
1783181749
1783181749
1783181749
1783181749
1783181749
1783181749
1783181750
1783181750
1783181750
1783181750
1783181750
1783181750
1783181750
1783181750
1783181750
1783181750
1783181750
1783181750
1783181751
1783181751
1783181751
1783181751
1783181751
1783181751
1783181751
1783181751
1783181751
1783181751
1783181751
1783181752
1783181752
1783181752
1783181752
