1782571839
1782571839
1782571839
1782571839
1782571839
1782571839
1782571839
1782571839
1782571839
1782571839
1782571840
1782571840
1782571840
1782571840
1782571840
1782571840
1782571840
1782571840
1782571840
1782571840
1782571840
1782571840
1782571840
1782571841
1782571841
1782571841
1782571841
1782571841
1782571841
1782571841
1782571841
1782571841
1782571841
1782571841
1782571841
1782571842
1782571842
1782571842
1782571842
1782571842
1782571842
1782571842
1782571843
1782571843
1782571843
1782571843
1782571843
1782571843
1782571843
1782571844
1782571844
1782571844
1782571844
1782571844
1782571844
1782571844
1782571845
1782571845
1782571845
1782571845
1782571845
1782571845
1782571845
1782571845
1782571846
1782571846
1782571846
1782571846
1782571846
1782571846
1782571846
1782571846
1782571846
1782571846
1782571846
1782571846
1782571846
1782571847
1782571847
1782571847
1782571847
1782571847
1782571847
1782571847
1782571847
1782571847
1782571847
1782571847
1782571847
1782571847
1782571847
1782571848
1782571848
1782571848
1782571848
1782571848
1782571848
1782571848
1782571848
1782571848
1782571848
1782571848
1782571848
1782571849
1782571849
1782571849
1782571849
1782571849
1782571849
1782571849
1782571849
1782571849
1782571849
1782571849
1782571849
1782571849
1782571850
1782571850
1782571850
1782571850
1782571850
1782571850
1782571850
1782571850
1782571850
1782571850
1782571850
1782571850
1782571850
1782571851
1782571851
1782571851
1782571851
1782571851
1782571851
1782571851
1782571851
1782571851
1782571851
1782571851
1782571851
1782571852
1782571852
1782571852
1782571852
1782571852
1782571852
1782571852
1782571852
1782571852
1782571852
1782571852
